3555891547
3458053883
3641182558
2409210220
443104084
2019778549
2296890879
2682697177
3888971777
60558851
3671975853
1283279010
1397083507
3606858695
3231546374
3991495797
987758400
1370662911
2968848952
1705050568
2247344057
591865743
2135020294
293508226
3017270247
2066131745
4018904989
409105331
3420108023
4261553076
884027173
31123372
833337557
4234358302
1025062913
3069758114
3432518392
1540406555
3066440590
2551015938
2709101211
2654749953
3407306012
4242623714
823837677
779713979
4129542270
1237647104
2365694265
3972667796
3538970959
2660231845
4272448344
1566565574
2190700363
2036819271
3921914209
2852281699
4243442429
859644696
2847537646
407315192
2992416547
2921492163
1464311782
3346952159
2849030781
1158230471
3146444449
2966096401
2669956816
3657677489
2813093875
1597703213
3075476426
1607731109
2915841875
2338200619
4184634308
594935475
1420864112
1675112069
4024545865
4141159062
375636685
1769213511
4204969612
1695448092
1016478440
659699395
4055915906
1120576341
3386095800
1859633054
1860544411
1691770962
2618468629
1971390971
1942199793
3050955135
3092999413
1000894903
2101380346
2876932458
1315519853
970771994
2427338835
2718618314
1284590153
1047202567
4268608275
2918221932
3600121214
2609008025
2889842053
2964815305
3303493349
1183968641
1064208603
3396491660
2389388491
927634980
868026369
110868109
3763291768
3063113493
579880492
1766433473
2757999831
3702353402
1599066165
3261328708
1219804349
762393253
2564178593
1235890654
2880593092
1240824074
565194351
4187693803
2501147720
684501365
1871049895
4010592513
1216055934
1538842928
3190633898
1850259906
2108515381
3353728403
1993842617
3325495211
1183820789
2492946805
1451008699
106733850
4057592542
3105306268
2807830804
932354186
2115841955
675541170
2895154717
2043373902
1206958239
237841768
2311567839
3565790
195497771
4077232358
4047523873
2804329044
1594018427
416709144
3687537858
3986212047
781081855
529751541
3839185964
4126215130
3963434297
2321598018
2542465284
902064054
1530291287
1095942912
4083113214
3926606031
3630849820
2151085955
3541531937
178405641
2001078031
1801961697
3622973948
3846878341
4164863735
311237196
14748071
3409098648
2095140611
3478996321
1066526402
4064185631
2057405593
1191937388
3917767595
3559825558
4149639081
129666557
552718591
3973006720
3947039309
1320344125
2260426270
212929962
1130124433
2933519598
3145342369
3202748840
472620223
583057135
1110512688
653729962
844864716
822811594
189847554
1796329722
476886582
1771996934
2000199669
4112303894
788861437
4047862244
3441684108
72699890
235910499
3348813429
4112925489
1384803489
3918968155
308098555
1500070158
4090825477
842378647
235715635
3156240252
3701998996
3244127459
971558418
3652028171
773588636
1312904811
512424396
2375928086
429205690
4281729951
3904656762
4150531264
2994028751
2478699762
58680537
118048717
2067390317
2729878465
636581179
3761948962
1792496032
2251784619
848137110
937784105
2617030347
2074784527
2915790967
3115466947
3406780564
2644756278
3146690695
4167577208
406802404
2010623574
2148326870
2416731739
2791550156
3002515223
1978492327
1319721952
1027994036
3607023210
2478879535
2226660614
2089291841
2060094999
3883744495
2043634010
2907353929
980615557
3052372304
2055134915
1485381984
3654545874
1656129032
1061767668
1672041733
1212377114
1093989696
951276556
2468787186
1490653440
523877606
337371419
3937412204
3643494875
3868115595
1648786701
4065736061
2753119200
3220613926
2666675458
3788867849
3170740979
998356753
1491547322
3773157074
1256264847
2278519449
319565199
3553101701
3937969286
795995447
2206326330
3651915420
2097654253
2237475518
1147488158
1412926370
3595265030
2322534826
3534998896
10183118
1823088057
1390679120
3098673881
40990882
3936002643
3623381517
353096781
1715056424
3193353206
334437228
2207834488
3302871949
971263596
4244435607
2745278422
785276636
2026202352
2609795624
1280668329
1886072639
4224833388
688046891
1225159367
1803064559
3369599215
3925288127
1684715525
162871969
1320303690
4104325758
746761089
1683727485
3528848700
301532837
3372627184
438054381
