920 436
915 500
923 453
987 490
960 436
923 499
918 425
902 474
991 488
926 418
920 423
990 462
965 489
971 436
974 414
913 469
943 449
914 412
922 427
974 434
920 404
986 439
979 471
964 481
910 483
916 494
962 401
945 476
961 449
959 485
912 419
990 417
963 472
942 497
966 428
904 400
952 479
948 486
938 420
942 420
991 401
917 400
960 495
999 456
934 445
919 481
958 426
982 451
992 463
954 472
961 482
979 413
952 500
976 496
973 491
942 479
941 477
964 430
984 415
987 495
930 452
961 476
970 490
965 491
936 478
934 491
978 426
921 465
991 461
953 467
965 430
906 446
932 409
915 474
917 434
968 466
962 465
949 428
980 419
914 458
918 455
938 449
982 407
981 409
986 403
909 419
991 415
988 425
922 401
958 490
986 445
943 463
964 450
903 409
924 446
969 473
979 472
929 430
992 487
921 427
992 418
946 428
927 478
924 432
987 441
953 480
930 489
997 438
995 400
973 472
970 481
983 461
951 421
927 499
930 471
922 427
987 420
946 462
966 492
907 487
923 410
973 429
912 489
993 463
906 431
968 432
961 456
949 474
964 424
971 494
917 499
977 414
942 497
981 499
992 435
986 406
960 436
953 413
992 455
906 430
918 470
989 466
991 421
986 400
940 435
946 472
928 440
992 404
946 491
955 493
993 466
977 417
927 449
983 463
960 456
927 496
900 475
967 425
929 428
924 499
980 401
994 480987 817 728 945 898 953 605 693 528 874 
502 788 759 651 735 813 512 741 886 658 
967 634 547 851 908 519 522 730 959 585 
745 771 834 975 789 706 697 722 929 611 
591 962 718 668 998 519 851 589 630 532 
640 731 607 908 521 829 504 616 743 819 
913 840 1000 983 725 554 557 657 996 684 
625 559 632 916 793 676 504 530 619 552 
807 697 534 919 862 845 561 690 637 681 
532 940 807 805 654 853 976 872 948 971
967 461
912 499
980 494
969 453
980 413
961 418
942 466
937 441
932 464
917 446
970 436
931 461
998 491
961 476
979 414
948 499
937 416
965 497
962 485
978 403
925 461
998 438
910 441
982 478
953 491
965 417
975 498
925 497
979 459
928 490
999 424
928 445
924 464
959 448
921 496
907 467
910 443
978 427
965 405
908 486
916 465
947 451
925 476
973 500
923 452
921 410
984 454
907 433
935 419
928 441
974 465
982 497
967 489
948 482
934 422
941 403
999 430
967 435
966 482
965 408
944 470
942 425
942 419
988 429
931 473
949 427
977 403
961 474
970 403
991 400
949 484
904 464
914 437
952 443
958 435
964 400
940 427
939 490
951 411
943 409
940 442
921 418
965 499
979 440
901 419
957 500
959 487
971 455
929 406
999 406
996 493
940 437
914 488
901 497
955 444
943 441
938 465
918 428
920 466
900 497
904 408
955 450
977 484
936 495
954 403
970 417
1000 484
936 481
924 419
911 498
926 410
942 424
950 405
982 451
974 431
911 487
910 467
984 436
924 434
945 417
999 496
959 428
960 420
996 426
949 484
921 466
906 466
985 454
999 451
977 406
986 425
996 405
997 458
989 453
937 475
937 406
904 490
924 453
909 478
914 453
929 436
977 416
996 473
952 422
911 426
988 436
962 441
940 491
979 404
924 473
981 455
920 427
950 477
924 453
921 468
964 486
958 488
998 408
908 484
940 476
918 452
968 484
919 494
937 431
987 488
974 434
972 443
988 402
928 447
916 415
967 479
988 455
924 452
967 402
990 474
919 416
921 445
984 464
912 449
975 409
920 434
939 496
994 473
911 409
988 423
911 438
982 459
922 452
990 424
1000 478
939 432
953 484
946 435
941 454
948 406
970 403
965 423
941 406
948 493
964 420
992 430
933 490
903 478
969 433
958 425
938 457
944 483
922 405
947 444
913 489
901 454
979 485
950 419
980 482
912 493
924 416
969 457
982 497
943 487
935 488
919 409
914 434
963 450
942 487
915 444
923 463
935 474
946 483
924 433
978 431
924 489
956 443
913 456
912 428
960 424
990 446
948 458
975 492
938 471
914 472
945 473
910 498
902 457
996 464
978 441
916 455
976 474
991 428
976 405
993 408
949 403
906 481
905 453
920 470
926 407
1000 492
961 451
1000 461
913 499
924 439
961 461
997 499
946 436
913 470
904 435
978 484
909 490
944 494
927 457
949 432
996 406
913 435
995 424
990 452
906 402
925 420
910 488
920 449
989 446
985 401
988 456
988 483
963 424
906 407
929 451
935 481
983 487
951 406
902 483
907 494
907 479
999 447
987 466
991 467
971 480
924 461
945 466
930 415
976 439
982 496
928 444
925 442
970 473
983 446
959 438
933 495
997 408
989 471
903 420
942 432
927 409
906 491
913 483
976 462
924 474
996 415
967 495
916 452
970 497
991 470
960 443
953 499
934 460
972 443
947 404
960 493
970 478
936 469
958 401
936 421
990 441
934 404
992 422
915 475
912 468
927 481
955 423
959 433
956 469
983 432
992 440
939 477
915 449
934 485
977 460
951 416
903 414
935 426
911 461
988 475
948 421
948 489
929 410
974 493
988 478
963 413
956 467
990 474
937 432
927 470
978 428
988 429
916 474
942 460
929 427
987 452
936 493
915 404
943 416
959 407
994 415
912 437
907 424
929 438
960 463
957 453
968 498
938 457
931 471
916 492
979 410
996 414
992 463
986 406
997 415
901 450
911 446
902 445
974 490
958 449
947 454
925 413
921 489
925 409
996 500
984 448
924 457
916 415
995 489
967 401
940 429
931 408
998 402
951 485
937 459
974 447
960 465
978 424
959 500
990 484
989 415
910 458
960 410
994 441
963 424
987 430
960 426
932 438
913 498
992 444
966 402
991 487
942 439
962 430
939 447
951 485
985 480
969 402
914 460
918 405
963 496
975 495
943 428
928 410
991 468
938 438
914 464
903 432
919 404
958 466
907 448
929 495
955 409
982 479
943 473
971 401
998 495
928 421
935 469
966 443
924 490
956 491
902 432
973 490
951 416
942 472
962 479
990 401
916 470
968 485
936 435
914 500
913 428
992 497
994 499
902 420
965 488
969 483
915 441
958 436
963 495
991 454
959 497
911 456
995 407
950 486
944 471
972 412
900 426
979 481
938 408
919 423
906 465
964 495
976 416
933 440
941 418
924 414
947 460
995 408
945 428
930 439
934 424
964 422
973 424
993 435
929 499
972 474
977 407
958 471
975 465
973 446
921 432
988 490
936 421
987 443
919 486
953 487
981 496
982 467
904 408
982 451
992 493
915 475
946 454
931 417
931 445
995 456
982 459
935 462
948 487
991 432
976 459
994 450
991 459
961 479
920 439
962 441
912 445
912 453
966 447
992 435
919 462
980 461
951 410
944 422
917 423
958 451
978 446
949 463
939 416
944 416
911 403
931 432
922 475
948 451
980 457
969 495
938 492
949 433
935 490
919 435
969 423
952 432
972 487
947 400
992 427
1000 492
931 463
931 440
970 400
937 467
981 430
935 452
916 402
995 418
943 442
961 495
947 495
949 445
975 480
912 444
965 459
938 481
997 465
998 418
906 433
920 423
926 427
932 439
972 457
985 455
985 418
915 437
999 499
922 414
912 481
1000 452
929 500
934 403
949 477
982 416
976 480
985 405
973 464
995 423
902 491
983 451
949 488
958 484
934 453
960 433
910 482
956 422
916 407
980 474
905 439
997 483
924 439
939 414
948 493
994 451
952 435
991 428
946 430
979 463
934 426
944 413
999 425
977 496
962 492
909 453
979 499
988 407
946 441
982 498
900 461
951 450
954 410
971 459
929 457
961 440
925 499
921 464
947 454
930 493
993 466
928 452
992 436
964 426
950 435
961 431
934 413
1000 462
906 488
997 494
901 438
920 426
951 449
919 498
906 476
907 483
910 473
992 483
997 431
933 421
991 430
941 489
984 461
925 423
909 426
962 432
947 418
929 462
995 422
987 475
982 435
929 485
987 402
915 412
939 448
958 427
942 458
972 423
962 458
968 439
966 402
921 473
971 450
909 467
928 407
910 427
904 447
929 461
948 402
998 493
968 440
911 485
988 480
973 442
977 469
974 471
976 455
904 457
939 454
939 432
908 448
995 498
953 414
937 497
926 409
923 490
963 495
921 465
926 487
942 446
962 426
908 437
927 471
904 457
995 500
949 436
953 426
979 446
928 407
956 488
926 446
968 410
952 450
917 441
965 414
1000 486
973 417
900 428
957 447
921 422
936 423
931 455
941 413
946 480
933 431
945 456
982 488
951 490
987 459
912 453
977 420
908 468
906 415
905 486
954 496
927 472
974 434
962 456
910 422
995 463
955 481
938 446
970 495
983 474
977 419
994 489
996 488
931 464
956 466
964 475
940 401
979 451
968 447
926 415
908 422
941 444
991 489
946 449
997 415
949 414
902 402
1000 414
915 478
982 401
952 454
944 493
998 433
964 483
929 424
992 445
992 470
988 418
968 473
982 407
956 472
959 443
991 465
978 401
921 465
1000 424
933 426
926 412
993 481
911 432
906 441
977 454
980 427
979 422
962 472
951 443
986 478
906 463
987 470
934 418
928 476
910 404
969 423
978 488
905 487
908 414
910 453
931 467
939 449
938 455
951 482
966 444
958 424
922 414
934 431
963 453
958 426
974 493
900 458
913 417
922 412
903 462
948 463
973 439
920 465
958 441
935 443
934 430
944 496
977 424
945 411
992 438
995 468
967 471
957 400
905 469
917 445
904 404
