2805169061
2229609289
1017778240
4074300591
1206187627
3934498077
3913776082
181324790
2608997043
3443082874
148579818
1108155506
3697417158
1030496291
2532622239
2816893650
1021661364
3971925623
3016311334
1693010842
3881600891
1653046576
2261424648
2961025653
3507040873
1712558536
4163183948
2723026373
2606238391
562158346
2987679128
2778510826
3675082977
3566221374
3135298380
405794071
2742890408
3126261627
3729840284
4227804302
1273116046
3935679340
949644880
2040062881
1731765949
1302959383
2137251091
1314083757
86079630
885388420
1289649386
2236337965
3275024390
938366218
1331055225
742210943
2333026176
2821528199
1708885399
1051432525
1759166157
465934421
993092505
1194621392
2745811405
3591400690
2214504229
2560586664
2842564079
3534412047
323660433
3556276473
1002519981
678805490
1478945710
3422251499
3757048805
1567501347
3116961756
2212932138
2492447858
2418048857
2115031702
421040782
3829303944
3078953440
3932758891
4207958993
3260650473
2723688772
2475625433
3468717549
2519593533
1046615198
1061199808
3030375582
2637432871
202704696
2731187791
173905123
3731670622
3352785563
2666301118
2866565064
693791082
4257133131
1728389827
3217151046
723250932
1747273951
2615778585
2355721709
1797465065
1618935328
3199300078
2364201703
865728257
4086012077
4076646127
4199338100
882303805
963758276
1692333328
1143336971
1231545538
4021454173
2619004708
3076740840
534923812
1498971380
1941569615
644067332
763084840
349534355
3538213571
3925906173
2847896122
3526486532
2656675871
2424040566
223411954
2385023564
912572760
4085781896
3935487572
351377387
4106291221
3194008411
4123758232
1263323870
4266123420
2034177104
2834021791
1921145055
2374863718
2596663000
3140112547
2611738338
1628743574
4273057561
150477136
2568845968
1318749211
3173098237
3571713275
1105000830
1913827544
2329599920
2590286693
578339152
3161830717
1076725220
1647789490
3894478663
1579456323
3098335091
1885796374
243627783
876005661
4265128627
1180969970
2653611932
2209962844
3309945510
1568952685
3487450292
2017202681
2177444355
3644198117
2200847390
2242288962
4112567929
2830164719
1565366280
3663628704
506510322
419159605
2976029836
2670545647
3604189152
3073143608
3875949171
2330690872
4051619889
3749825717
3179551671
3386449407
1197998132
1655379666
85832202
3296790250
2672101974
982454428
1339136700
1001434039
3914012167
3519351307
3450360889
2243634080
1803032052
1679108674
3323468064
348274438
1976797297
277767886
4093051636
3156543096
714425992
3527336637
4246111846
2375130782
3498181827
1384571788
385581071
978377313
1277759312
3183759578
638024073
221669215
4055192949
2929208055
1699797707
2070424896
775529259
3514063041
1355954343
3364115417
3225567672
3739940830
2310896681
1124643774
3092927725
1928098363
3196731158
3214019270
1396871799
3434199184
2907310367
838184279
1276947987
522313490
2423471531
575434640
2176225880
2227116245
4152958070
3082142351
2335216261
4023024576
1911313081
3206092447
2668771280
1276557115
3707191485
238493035
228843093
2372131076
557323949
1597998049
4264330961
2953968804
1947381729
837169567
3964889098
3877877712
3577820227
2668308470
4146563169
1795989896
2184947446
407221845
876679109
2056995983
1911398576
1578375013
2738052231
2979841239
451481053
4157703568
29692473
3968069638
1461025871
851715540
3582691485
2695078692
3895214438
3072626047
1011908251
1860086008
256164809
3512486116
3972241228
3291976614
4131443078
2321865728
771042024
3279219095
2635267494
3491902664
4264220586
37537646
2404475016
631845599
2915376939
2341480720
2793129812
361187894
2159560758
637958825
1786137188
1395739741
1666956057
4249948887
950387128
71487411
1684343558
1980452870
574572559
3398272080
19734081
1739520012
191509391
2267049615
3948491366
3365780720
2575653971
1257230556
1257938450
3354415617
2633775508
2653481080
2616392342
4111873653
1606328999
2425946855
968842151
2015051719
3389456691
1384111045
772346690
1792832335
2137406857
1794398544
2260596440
2137618025
2017724237
164188643
1165138922
954371258
2353985985
2796219033
4174281205
3114987388
1200352670
246859865
3265166327
3734357214
419057943
3067953898
3925103861
4283158933
2343918441
1469799600
2205310854
140865912
1591897120
937611634
506146927
2028095339
4093186100
2263245404
1131932640
2261639947
142665119
419461071
1543077076
966205400
840165714
1142232581
2564654126
3543113992
1554361465
128939342
3652456704
3798747419
4182044729
3863794073
1600293299
1579465362
3203775907
1239689616
171693747
2225115297
2241933178
1676082249
2427028351
662942303
1594654606
4133746386
92848968
1177944012
3001213893
3912201025
3362512206
3125518336
2724339628
1704627669
3454241598
889999624
1127887669
320213561
3055976201
1545277025
3538408793
415930969
3534063598
867097496
2477184961
2494327326
672636854
3926092323
2792148231
3062857578
2492351625
2889288479
762591422
2131910604
2888132940
3402651230
4192817840
902327932
361352629
1772570207
3748907202
2540536840
2733415687
3188431777
3671578158
4074298293
3468798282
3265128639
3180265766
1851093752
1164841557
127829745
30616300
2483270027
2332858704
4076231778
692589108
560265696
2411534450
1764766800
855462179
1053542425
4065927328
3347873637
565112543
2435966335
2162296484
3104512354
3156641621
4117690873
1640223654
861914615
2085849081
2144087728
3761280729
369550708
1630133893
1606691483
3627433651
1938948095
1687350562
2684264467
1364694567
292107448
2348174688
266816870
3462653773
1859983828
713227916
445369991
1318466255
695930511
259068691
2430444955
1522237908
4059261884
675748885
1629428182
3637856529
1958690225
1145329763
1582588881
2451295541
1897451795
1172298090
860954040
1826598872
3228282357
3062879641
644232121
1387768765
3800565398
792352409
2353375897
1585364222
4213791533
2217381248
24990235
2850629520
66763296
2158532934
1692136901
2772431736
2028454062
1557049876
736944029
211580189
1573627848
1893305780
1572934524
3932126743
4084547576
3820477372
1643816859
1268723748
2320778088
3633596101
1483382536
1789633715
2370012329
2914782659
3343185768
3389638491
3383096112
3329453914
1048834972
2107171980
1959330415
4070790214
2400492353
2707000571
3843649131
3662150525
4179453808
3944727937
3857873342
1229529230
353098947
238851162
424323644
439490378
305412244
972441786
3104237659
870147914
584727861
1160462678
1259821572
2568560573
1127987681
1379539094
1529502163
3628103740
2333574046
1765577530
2839529478
503413626
3223850272
2753215472
2471145609
3759320470
530002897
4264558142
1648720693
3658606255
552652235
2195039780
2832798540
3414774385
3452268635
3846246893
3512922032
2944277516
740145464
2200973068
3026186619
881436955
2324240407
3709222614
3071647998
794549680
1298835884
3129234123
2502567537
1716830195
862366237
3462503654
771820193
1856889340
252705971
3373885382
3555891547
3458053883
3641182558
2409210220
443104084
2019778549
2296890879
2682697177
3888971777
60558851
3671975853
1283279010
1397083507
3606858695
3231546374
3991495797
987758400
1370662911
2968848952
1705050568
2247344057
591865743
2135020294
293508226
3017270247
2066131745
4018904989
409105331
3420108023
4261553076
884027173
31123372
833337557
4234358302
1025062913
3069758114
3432518392
1540406555
3066440590
2551015938
2709101211
2654749953
3407306012
4242623714
823837677
779713979
4129542270
1237647104
2365694265
3972667796
3538970959
2660231845
4272448344
1566565574
2190700363
2036819271
3921914209
2852281699
4243442429
859644696
2847537646
407315192
2992416547
2921492163
1464311782
3346952159
2849030781
1158230471
3146444449
2966096401
2669956816
3657677489
2813093875
1597703213
3075476426
1607731109
2915841875
2338200619
4184634308
594935475
1420864112
1675112069
4024545865
4141159062
375636685
1769213511
4204969612
1695448092
1016478440
659699395
4055915906
1120576341
3386095800
1859633054
1860544411
1691770962
2618468629
1971390971
1942199793
3050955135
3092999413
1000894903
2101380346
2876932458
1315519853
970771994
2427338835
2718618314
1284590153
1047202567
4268608275
2918221932
3600121214
2609008025
2889842053
2964815305
3303493349
1183968641
1064208603
3396491660
2389388491
927634980
868026369
110868109
3763291768
3063113493
579880492
1766433473
2757999831
3702353402
1599066165
3261328708
1219804349
762393253
2564178593
1235890654
2880593092
1240824074
565194351
4187693803
2501147720
684501365
1871049895
4010592513
1216055934
1538842928
3190633898
1850259906
2108515381
3353728403
1993842617
3325495211
1183820789
2492946805
1451008699
106733850
4057592542
3105306268
2807830804
932354186
2115841955
675541170
2895154717
2043373902
1206958239
237841768
2311567839
3565790
195497771
4077232358
4047523873
2804329044
1594018427
416709144
3687537858
3986212047
781081855
529751541
3839185964
4126215130
3963434297
2321598018
2542465284
902064054
1530291287
1095942912
4083113214
3926606031
3630849820
2151085955
3541531937
178405641
2001078031
1801961697
3622973948
3846878341
4164863735
311237196
14748071
3409098648
2095140611
3478996321
1066526402
4064185631
2057405593
1191937388
3917767595
3559825558
4149639081
129666557
552718591
3973006720
3947039309
1320344125
2260426270
212929962
1130124433
2933519598
3145342369
3202748840
472620223
583057135
1110512688
653729962
844864716
822811594
189847554
1796329722
476886582
1771996934
2000199669
4112303894
788861437
4047862244
3441684108
72699890
235910499
3348813429
4112925489
1384803489
3918968155
308098555
1500070158
4090825477
842378647
235715635
3156240252
3701998996
3244127459
971558418
3652028171
773588636
1312904811
512424396
2375928086
429205690
4281729951
3904656762
4150531264
2994028751
2478699762
58680537
118048717
2067390317
2729878465
636581179
3761948962
1792496032
2251784619
848137110
937784105
2617030347
2074784527
2915790967
3115466947
3406780564
2644756278
3146690695
4167577208
406802404
2010623574
2148326870
2416731739
2791550156
3002515223
1978492327
1319721952
1027994036
3607023210
2478879535
2226660614
2089291841
2060094999
3883744495
2043634010
2907353929
980615557
3052372304
2055134915
1485381984
3654545874
1656129032
1061767668
1672041733
1212377114
1093989696
951276556
2468787186
1490653440
523877606
337371419
3937412204
3643494875
3868115595
1648786701
4065736061
2753119200
3220613926
2666675458
3788867849
3170740979
998356753
1491547322
3773157074
1256264847
2278519449
319565199
3553101701
3937969286
795995447
2206326330
3651915420
2097654253
2237475518
1147488158
1412926370
3595265030
2322534826
3534998896
10183118
1823088057
1390679120
3098673881
40990882
3936002643
3623381517
353096781
1715056424
3193353206
334437228
2207834488
3302871949
971263596
4244435607
2745278422
785276636
2026202352
2609795624
1280668329
1886072639
4224833388
688046891
1225159367
1803064559
3369599215
3925288127
1684715525
162871969
1320303690
4104325758
746761089
1683727485
3528848700
301532837
3372627184
438054381
