11001001111000010100010010100110
10110101001100001001111011101000
01011001010010100110001110100010
01010010011110001110111011000001
10000101111110110001001100000010
01010101110100001000010001001110
11000001110000001010110101101001
00000111110010101111111110011010
01101011111001010011111010000110
01001101010100010111111101100110
10111001111000100001111101001111
11111110101111000000111011101100
10011100101110001111111111011110
11110011001100001000111000001001
01101101000001000111100100001110
00001101100000011101001000110111
10101011011001100011000010111110
01001110011100101001010100110101
10011010010011000111011110000000
00010011010110001000001010011000
01111111010110110011011111110111
00000001100000101100011000000101
00000011010110111010000010011011
01101111001101101101000111101010
00100001100111011100010101011110
00111111100000111000101110110001
01010001010000010101010010110110
01111101011000110110100000010000
00011010001111100111011110111101
11101010111101100101100100101101
00000001000111000000110011101100
11010011110001000110101011100011
11011111101000000100010000011110
10000101010100001000011111101011
11010011010100010110111111010010
11000010110111000110000010100100
01111000100010000101100011110110
10010011001110110100110100111111
00000100101110010011100111001010
00010110011001011000010001010101
01001110000010101110010001101000
00001110100000101001110011100010
11110101001110001001101101001000
11000000100000010011011010000101
10000100011100110000000010101110
10111001010100100110111110110001
10000011001111010000001110111001
11111101000110111011001010000000
00011000010001000110111111010111
00010110001011101000111111110001
01111101011101101110010000111010
10101110011011100000000011011111
10100111010011100011011010101010
01000100110011110010111101111011
10111011001001111010001111001011
10001101101100101111111010011101
10110110001011000011101110101100
10111100000111100101011011101001
11010010011001001001100111110111
01001110110011100001110100001011
00000100011101011011000011010011
10100001110000101001000000001110
10101010010100110101010100010010
10110001011110000100010110101111
11110000001011010110010011110110
10111110001000111000010101000010
00100110000011000001000001001111
11110000100100000110010110101010
11000100110111110110100110001111
01000101010100000001011110011010
11110111011001101101001010010111
01011000000110011110000111001101
11011101111111010010011101111110
10010100100001011010001101011011
10011100001111101011001111110100
11100100001000110001010100011000
11100010010010111010001101000010
01111110100000111110100000111100
00100010001101100101111100000111
10011011011101110101000110110101
11100101000100100100000100100011
00110110100110001101101111110100
11000111110110010111111100100010
10111001010000100011010100001111
11010001111110101001100011000100
10001011010100001010111101111100
11110011101001111111001110101100
01000101010010110011010101010010
01010011000100010100110100011100
11000011010010110101010101011001
01110111100101110101010100000000
01101010011110001001101100000010
11011110000101110001110100101000
11001101011000100100111001100111
01101011011010110110100000101011
00000011010101101000011001000001
00111011101100001101001001100101
10010111110111111101011100100001
01111100010000110100010100111111
11111111011100001001100000000010
00000101000101100111101001010100
10000101101111110001110100110011
01101011011111000001111001110000
10100100101101111010000100011101
10110101100011111010110011111110
10110010100100111111011100000101
10111110111010001100100011101000
10000110111110011010110010101011
10100010110101100000000100101010
00010000010001100111000110110011
10011010111101010101101111010110
11110110011011001011011101100011
11000110110110111001111110000100
11011011101111101000111111111001
01101011111110110110010000010100
10001110011010110100111000111100
10101111000010101111111100101110
01111110111110111011011001001110
10111001100111100011001100000001
11111011101111110101010010011000
00101110001000100011101111111000
01010011010001001001110110101111
01011011001101101110010110010110
10111010010001111001000001011100
00100111100100110101000101001101
01100011011010111110111010100000
01101011100100010011001001111100
10011000110010110000110010111011
10011001101111101111111100101010
01010100001000101111001110001000
11110111000000000010110011101111
10011110110001010110001010000111
01011010010010000101111010100101
00101001100110001101000110000000
11100100101101101101111101111000
01001011000001001011010110011001
01100011000100011010100001101100
00011010001111011010010101011110
11111100011010110001110000111001
01100011111101011010110111110011
00000110101000110010100001100101
11100100110100101100101111100101
10001101100001100110001100001111
10110011011000001101010101100100
11101100101011000100100010010101
10100111000010110111111011110010
01101000000001100111101010100100
10100111001001010010000010111101
11011110001011000101111011000000
01101101111000111011110101010110
10011110101010110000100111101010
11101101011110000010101110000011
10000101001001010000111111010011
11101011001110111000101001011111
01101011010000010111110000010101
10011100001100101011111100111010
01111011110000000011010110111001
01110111011011110100011011010010
11010010000110011000100100000001
00100001101110001110111100010100
01011001110010100010010111001111
11100000011110111110011010010100
11100101101000101101011000010110
10110101011011001100011000101111
01101101111001111011010101101111
10100110101110010001000111010111
10001010010101011100110011111110
11111011101001001100010010000001
10111000101010011110010000111010
11001000100000011110101000011100
00100001010111101011100011100101
11000011011110100001100000111000
10111010001010011111110001101101
11001010011101101001100001001011
10111000110010100001110100101110
01110011010100101110101011000001
00001110001111101000111111100111
01001100010000110010011101111110
10101001111010000111010100100010
11101001100101000111111101011100
10000000010111011110101001001110
11100000001110101011101010011100
01110100001111000111011000011101
11110110001100101000000111001101
00100000010101011101101110001010
00011100010001010100111110100100
01101000100110010101011010011011
10111001010111011100101000110110
10010010000001011101001111110110
11101011001010101001010100111100
11111101011111111110001101010110
01011011101111001010011010110100
01001001010011100111000011010001
01101010011110101101110101011010
11001001011000000111011000011011
00101010001100101000011000111010
11101100101001010110101101110101
11101010110011001100101110110000
11011011001010110000101000110010
11101101010111000100000011001010
00101101011010001101001101000001
01011110000110101011101000000010
11000100101000010100010100111000
11110001111000010101011000111001
00011010010111101000010100111011
11010010101110110101111101000111
01111001011010100001101011111110
11101110001100001010001111110101
00010000111100000111111000110111
01011001001010010111000010110001
11110000011001111110001010001010
00000010111001011010000101010000
01010101010000110111100001000010
00111000000010100001101111110001
00101011010011010110101110010010
00011010011001110001010011011101
11111110110110001111001101111110
00100000010000110111001000001100
10011110000110001001101001000011
00110001000001000001110110011010
00011001100101001000001011111101
01100110101100100010001110011100
01111111011011100101111110011100
00000111111111110000101000101111
10011111100100011000011001011010
10010110100110101100100000100010
10011101101100001111110010000011
01011000101011000000101101010111
11111000100000111000110110111011
01000101100111001010000010011001
11001100000110111110101111000010
01000000000010000101100111000001
00011111001010011110111010010100
00110011101010001111000001110000
10000010110110111101000000000100
01011000001011100110101011001011
11000011000111110110110100111000
01111101001001000000111000100010
00010001000110001101111010100001
00110000010010011100101000010111
10001100100011111100101001101110
01010101100011100011111110000011
11101001101100101111000001111110
01010101001111111100110000010100
00000000001101111000011110100110
10011110011101111011011110100001
10101001011011100001001111111100
01100101000010100101010011011111
00011000110111010100000010111100
00011000001001110010110100111110
11110000101010111101111010010111
00010110100110101111100001111110
11001110001001000101010101100011
11010011011101100111010010110011
11111000000110110001110101011101
01110111011101111111001111101110
11100111111001010110110101000110
11000111101111011011111001000110
11100101101111100010000001001101
00101100010100010100010000101101
00101010101010000110000000100101
10110111011000000010010100100101
10110111110101101110000111001011
01000001111011010011010101110010
00011001101001100101010111000001
11101100110101000001011101001101
00110001100101001000111000110000
00001011011100000001010001001111
01010001100000001001011000000011
01110110000001011110110000101101
01101111110101110010010001100101
10011100110001110111000100110000
11101110011111100101001001111000
11010100011000101001101110111101
11010001100101111101110010101000
11001000101111110010111111011110
01110101011001111100010110100111
11111000111110111110101101011011
11111111001100000100110101101111
00001111000000101101110100010111
10111100101010001110000100001010
10010101011110101111000100000110
11011110000100001111110011000010
10101000100111111010000010010011
10111111001001000001110100110110
10101011111001011011010100000001
00110011000010111011100000001101
10010010011101011101111111110101
00101011111001000110101111100001
00000110111110111110011110111110
11101000000000000011101111000110
10000011000111110100001110011011
11001101001100111001100000011101
11000101100110111010010100101000
01100011000101100110011001100001
11010101100010011000101101101101
01010011001111010010111110101110
01101110000011000001010110001000
10000101001101110100100010010111
01100101010011001111111111000110
00110000101001100010001101100011
00100111111001000100110110101110
01000111111101111011101110010101
00100001101011100101011111111110
10101010100111011011101000100111
00110001101000001100111000000110
10111101001110111110010111110100
11001101000110110110010010101111
11110010000100101111111101100000
11011110101101101001110111111000
11001101011111110111101010111100
11000001111111010101001011001110
01110101111110111101000001001110
10001110111101110100110101001000
01010111001000011010100101010011
10100110011111001100010010011101
11111011101001011110011110010010
11101101011110010001001111010001
11111100010011010000001011110110
01001110001000000011110110001010
00101100000001111110010001010000
11011001100100011010000011001100
01100011010001111010011011010100
01101001100001100101110001000010
10001000011001110110101010101010
01110010111101101101111100000010
10111100001000110110010001110010
01111010010001011010101101111101
10100010001111100011011101001110
00100100100011001000010011000100
10000001111110010001001001100000
01000111101111001010110010101000
01011111100110101100111101011010
00101110100011110111111101110001
10010100110011000101011011110011
10100011011100101001111010111010
11011100010101011010001110001101
10010001110101000011000100011101
01100011110111011000101111111001
00110110110000011010011111010011
11001110111010111111010100101011
10111100001001001010100101100110
00100010001101011000110011010100
11100101110010100110100011010011
10100011111001101100010110110111
10100101110101010100111000100000
01011110001101001001010110010110
01101001000111011111010101010001
00000101000101010111110110000010
11110111110001100110101110000101
11111011001011100001110100000100
11011010000110100111110011011111
00110010110110010001000100110000
01000100100100011000011111001000
01111101011110011100000000001100
11011000000111110011111011100111
10110000011110000011100000000110
10101110001111101011100000111000
11110001001011011000100011101011
11010010000100100000001111101111
11111000011100111101011000001110
01001000101110000011101100110110
10111010010000101011111110111110
00110101111011101011100001101010
01101101110011011110111011101100
00011101010100010000000010010101
10000100010111010101010100111101
10110100011000001100100100111111
11010101111010111101001001111011
11011000010000000101110011011111
00001100000011000001001000011110
10100111101010010100110110010000
01000001001111110111111011101110
00100101010101100101000100111101
11100010110010001100100001011011
00101001001001010110100101101001
10101111100010100100001110111001
11101101011110010111101011110111
10001100110000010011001110010101
01110110000010011101001010010100
00101100111111001101000100101011
01000110000001110001101101110010
10100011011110011011110101101110
00110010001001011001111111110110
11010011010100010111101111011101
11001111110110111100010010011010
10101110000101010001100110100111
00011111010110100011000001000001
10110000000110111100111110110000
00101111100101000101001011101010
00111001011000010100100110000111
01010001000010000111100010001010
00001001001100000111010111001000
01000001010101100110010000010111
01001111111010101000011001101100
10011000111010100001011111100111
00001100110101100000111101001011
01101010100001000110001110010011
10110110010010111100110100111110
11101010111011110001000011100000
11010111110110001101001010111010
01110000101010100011010110101000
01010101000110011000010100011100
11000010111010101011001110000011
11101111000000000100010001000111
01111100110011110000100100010110
10101000111000110011000110000100
01100111101111010111111000100110
01000011111111010010011110011110
10011101000100100111011001111001
01011000000011000010001010110110
00011110001101100110011010000110
01101011110111001011000101110111
11100111101011001001001111100100
00100010100011001011111011111010
11001000001111101111000110011110
11011001001110011111111010011111
01111001101100100111101001100110
11001101010010111100000101001101
01000100011000101000111111101100
11100010010101010000010110000000
10111000011110101001101100100000
11110000110010011111001001101111
10001111001010000111011011001001
10001000001111110001010001110100
11111010101110100110010111111101
10100011000100111010110000101100
10110101110101110010001001001011
10110110000110011000100010001000
01111111100101011001110110101000
11110100100111100000000010111011
00111010110110001110100011001101
10010010110100011000111010101100
10110010111100101110011101010110
01111011001011010010000110011000
01100111110101111001000101110101
10110100011010000010011111011011
01100100101111110001110111100000
11010000010001000111100011011110
00011100110011001011110111110000
01110111010010000000110110101001
01011001101010111100100110010011
00110000100101000000000001011100
00010000010011101101000011000111
10100101100011111101110011011110
00101100001000111111101011100111
00110010101110001001011101010101
10110100000100101101100000100000
01001010011010011110001100101000
01111110111010001010100101101111
10011111001111110110000011110100
01001010111110111001011010000100
00100110011100001100001100011010
11101110011000101111100000110111
01011011111000011000010001011000
11000110011011011010111000001101
11001010000110100010000101011001
01010100011000110000001111100111
10110110111001101110101100110111
11101100010101111110111110010001
11101001101001001100110000011101
00000011101111100101101000000001
01011010111110111110100110101110
00010010011001111010001010000001
11100001101000101000001101010100
11110001000010100000110011011011
11010101011100111100000010111100
11111011000111101100111011111001
01000000010101110000001111000110
10000111000110011010101100000110
01000000011010010111101101100000
10000111100001111101010001000000
11100001110101000111011001010110
00110111000011010101100010001100
11111010100000010100111000101000
01111010111011001100010110110010
00110010111000000111010011111110
00010001000001110101101000101011
00110110011001101100000011100111
11101010011001101101111000100000
11000100000000001011000010011100
10010001101010001011110101100110
11110101011101100100001010101001
00110001000011010001011000111000
01110011001101110011011001001010
00010100100100111001010111100000
11101001010100000111111100001111
00010101000000110110101101111011
00001000000000001000101111111101
10100010010100111001101111000010
00010101000110100000000010010010
01101011000011111100110001000010
01011101111001001101001100111110
11001000010110011111111000001101
11001011100110110011101011110100
01111001110010101110110001110100
11110101111101000000001111001111
11000011101110110011010010100101
10111010100110010011110101101011
01001010000011111011000000110011
00001010011111101011110110001000
00010011001001110001000111101100
01000000000111001011110001111111
00111100001100010000011001001100
11001110011010000001110010101111
10101011100011010010011101011110
10111111111101110100000010110111
00011111000110011111101100010111
00010101010100101101111001000100
11100101101010010110011010101100
01100010101000100111110100000000
10000000001101110011011001001011
00010101111001011100011100111001
11100001011011100110101101101111
01000100110110010110011000100101
00010010010111000100100000010101
01101000001111001001100000011001
00111101100110110010111000111100
11010110100100010011110011100100
10000001010110110011110100101100
11101101101000100010011110111001
00001100100100111111001011110010
10110101111110110100111011000010
11110111101100010100011000100100
01110100111001100100111000101100
11000100001001100001010111111111
10011101000101001011101011011101
10010111011111100000011010001000
00111000000001111111000001110010
01110100101010100001111000001100
00101110000011011000100101110111
00110001110000100011011110001100
11110111110000101101001010101010
11101001100011101101010110111011
00011001111011001100010011100110
01001110011000001001000101001100
00000011111000110110010110001011
00000100100000100001011100000001
01100100100110010010011101100111
10010111111001101011110010101011
01101011010101111011100111111111
11111000000000011000011100110100
10011010110110100101000010111011
01011001101101010011101101101000
10110111100110010110000011100101
00011011000111010000011110110010
01000101000110111010100000110100
10111010100110110100001011010100
10001110010110011100100010100100
10110011000100100010110000110101
10100110100101001010000001001011
01111100101100101010111001001100
10001100100010011111011111101000
11001111110010100001010000110000
00011101010101100011000000010111
11000100101110011010000010000010
01000101011010001100000011110011
01110111001010110011110101100000
10110111100110101011110001100000
00000110110101011001101100001101
10100101101101010010110011101110
11100111111111000101000010000111
10010000011011100000110100010111
10111100111000111001001000101011
10000110110010111000010101011011
10100110101011010110110001010110
11100110100011000111100001010011
01011100101011111001011010111010
11111111111110000110101110100000
00011110101010100000100110001011
11011001010100101100011011010000
00011100110111001011100101010001
01001000111010101001101101110101
00111011011100101010010000101001
10110000000101010100011010010110
00110011110100011001000110101110
01010111001010010111100001111100
11001101010110101000100111010101
00001101010010101101011111000011
01010101010010100101010000101100
01000110100001110100010110011101
10111010001111101001101000101110
10101110010000111101000110111001
10110010001110010101010001000110
01011111110000000100100011110111
11010101010110010100001010001110
11110011010011000010010010011110
10010001000001010101001111110001
10100010001110100011100111000001
10100011011111000111000101011000
01001010011111010111101000111011
01001110111110100011111010101111
10011001111010010100100010010011
00001111010000000010110011011000
11111001000111101000010111111101
01000100011100001101101000000001
10110001100000001011010111100101
00001010000011000101110001101010
01111111110000011001110110100011
10111010010011010010111101101110
11001100100110111000011001001010
00101110011110110110001011011010
00110101000101110001101110101101
01001101010001001101010111101111
00100110011010101001011000111101
10000100000100000000110011000000
01001100001010101010001010001010
01011110011011101011010110010011
10110010001101111011011100111100
10001011011000000110110011011011
00101010111011000111001010001010
01011010101001101000101011011111
01011111101111011010111000010101
11101001000011110111011000101010
00100101011110010101111000011101
01011011110111100010111110110101
01101100011001101011010010110011
10000111011110111110111110010101
11111001001111100010110000101110
01100100010000101000001110110001
00011000100111111001001001011111
01110000110001110100000011100000
00001001010010000000000010011100
01111101010000111001110111000001
01110110100110101000000100001111
3386983590
3039862504
1498047394
1383657153
2247824130
1439728718
3250629993
130744218
1810185862
1297186662
3118604111
4273737452
2629369822
4080045577
1829009678
226611767
2875601086
1316132149
2588702592
324567704
2136684535
25347589
56336539
1865863658
563987806
1065585585
1363236022
2103666704
440301501
3942013229
18615532
3552864995
3751822366
2236647403
3545329618
3269222564
2022201590
2470137151
79247818
375751765
1309336680
243440866
4114127688
3229693573
2222129326
3109187505
2201813945
4246450816
407138263
372150257
2104943674
2926444767
2806920874
1154428795
3139937227
2377318045
3056352172
3156104937
3529808375
1322130699
74821843
2713882638
2857587986
2977449391
4029506806
3189998914
638324815
4035995050
3302975887
1162876826
4150710935
1478091213
3724355454
2491786075
2621354996
3827504408
3796607810
2122573884
573988615
2608288181
3843178787
915987444
3352919842
3108123919
3522861252
2337320828
4087870380
1162556754
1393642780
3276494169
2006406400
1786288898
3726056744
3445771879
1802201131
56002113
1001443941
2548029217
2084783423
4285569026
85359188
2243894579
1803296368
2763497757
3046092030
2996041477
3202926824
2264509611
2731933994
273052083
2599771094
4134319971
3336281988
3686699001
1811637268
2389397052
2936733486
2130425422
3114152705
4223620248
773995512
1397005743
1530324374
3125252188
663966029
1668017824
1804677756
2563443899
2579431210
1411576712
4143983855
2663735943
1514692261
697880960
3837190008
1258599833
1662101612
440247646
4234878009
1677045235
111356005
3839020005
2374394639
3009467748
3970713749
2802548466
1745255076
2804228285
3727449792
1843641686
2662009322
3984075651
2233798611
3946547807
1799453717
2620571450
2076194233
2003781330
3524888833
565767956
1506420175
3766216340
3852654102
3043804719
1843901807
2797146583
2320878846
4221879425
3098141754
3363957276
559855845
3279558712
3123313773
3396769867
3100253486
1934813889
238981095
1279469438
2850583842
3918823260
2153638478
3761945244
1950119453
4130505165
542497674
474304420
1754879643
3109931574
2449855478
3945436476
4253016918
1539090100
1229877457
1786436954
3378542107
707954234
3970263925
3939290032
3677030962
3982246090
761844545
1578809858
3298903352
4058076729
442402107
3535494983
2036996862
3996165109
284196407
1495888049
4033340042
48603472
1430485058
940186609
726494098
442963165
4275630974
541291020
2652412483
822353306
429163261
1722950556
2137939868
134154799
2677114458
2526726178
2645621891
1487670103
4169371067
1167892633
3424381890
1074289089
522841748
866709616
2195443716
1479437003
3273616696
2099514914
286842529
810142231
2358233710
1435385731
3920818302
1430244372
3639206
2658645921
2842563580
1695175903
417153212
405220670
4037795479
379254910
3458487651
3547755699
4162526557
2004349934
3890572614
3351100998
3854442573
743523373
715677733
3076531493
3084313035
1106064754
430331329
3973322573
831819312
191894607
1367381507
1980099629
1876370533
2630316336
4001256056
3563232189
3516390568
3367972830
1969735079
4177259355
4281355631
251845911
3165184266
2507862278
3725655234
2829033619
3206815030
2883958017
856406029
2457198581
736390113
117172158
3892329414
2199864219
3442710557
3315311912
1662412385
3582561133
1396518830
1846285704
2234992791
1699545030
816194403
669273518
1207417749
565073918
2862463527
832622086
3174819316
3441124527
4061331296
3736509944
3447683772
3254604494
1979437134
2398571848
1461823827
2793194653
4221953938
3984135121
4232905462
1310735754
738714704
3650199756
1665640148
1770413122
2288478890
1928781570
3156436082
2051386237
2721986382
613188804
2180584032
1203547304
1603981146
781156209
2496419571
2742197946
3696599949
2446602525
1675463673
918661075
3471570219
3156519270
573934804
3855247571
2749810103
2782219808
1580504470
1763571025
85294466
4156976005
4214103300
3659168991
853086512
1150388168
2105131020
3625926375
2960668678
2923345976
4046293227
3524396015
4168341006
1220033334
3124936638
904837226
1842212588
491847829
2220709181
3026241855
3589001851
3628096735
202117662
2812890512
1094680302
626413885
3804809307
690317673
2945074105
3984161527
2361471893
1980355220
754766123
1174870898
2742664558
841326582
3545332701
3487286426
2920618407
526004289
2954612656
798249706
962677127
1359509642
154170824
1096180759
1340769900
2565478375
215355211
1787061139
3058421054
3941535968
3621311162
1890203048
1427735836
3270161283
4009772103
2093943062
2833461636
1740471846
1140664222
2635232889
1477190326
506881670
1809625463
3886846948
579649274
3359568286
3644456607
2041739878
3444293965
1147310060
3797222784
3095042848
4039766639
2401793737
2285835380
4206519805
2735975468
3050775115
3055126664
2140511656
4103995579
987293901
2463207084
3002263382
2066555288
1742180725
3026724827
1690246624
3494148318
483180016
2001210793
1504430483
815005788
273600711
2777668830
740555495
850958165
3021133856
1248453416
2129176943
2671730932
1258002052
644924186
3999463479
1541506136
3329076749
3390710105
1415775207
3068586807
3965185937
3919891485
62806529
1526458798
308781697
3785524052
4043967707
3581132988
4213100281
1079444422
2266606342
1080654688
2273825856
3788797526
923621516
4202778152
2062337458
853570814
285694507
912703719
3932610080
3288379548
2443754854
4118168233
822941240
1932998218
345216480
3914366735
352545659
134253565
2723388354
354025618
1796197442
1575277374
3361340941
3415948020
2043341940
4126409679
3283825829
3130604907
1242542131
176078216
321327596
1075625087
1009845836
3462929583
2878154590
3220652215
521796375
357752388
3853084332
1654816000
2151102027
367380281
3782110063
1155098149
308037653
1748801561
1033580092
3599842532
2170240300
3986827193
211022578
3053145794
4155590180
1961250348
3290830335
2635381469
2541618824
940044402
1957305868
772639095
834811788
4156740266
3918452155
434947302
1314951500
65234315
75634433
1687758695
2548481195
1800911359
4160849716
2597998779
1505049448
3080282341
454887346
1159440436
3130737364
2388248740
3004312629
2794758219
2092084812
2357852136
3486127152
492187671
3300499586
1164493043
1999322464
3080371296
114662157
2780114158
3892072583
2423131415
3169030699
2261484891
2796383318
3867965523
1555011258
4294470560
514460043
3646080720
484227409
1223334773
997368873
2954184342
869372334
1462335612
3445262805
223008707
1430934572
1183270301
3124664878
2923680185
2990101574
1606437111
3579396750
4081853598
2433045489
2721724865
2742841688
1249737275
1325022895
2582202515
255864024
4179527165
1148246529
2978002405
168582250
2143395235
3125620590
3432744522
779838170
890706861
1296356847
644519485
2215644352
1277862538
1584313747
2989995836
2338352347
720138890
1520863967
1606266389
3910104618
628710941
1541287861
1818670259
2273046421
4181601326
1682080689
413110879
1892106464
155713692
2101583297
1989837071
